subject,activity,TimeBodyAccelerometerMeanAxisX,TimeBodyAccelerometerMeanAxisY,TimeBodyAccelerometerMeanAxisZ,TimeBodyAccelerometerStandardDeviationAxisX,TimeBodyAccelerometerStandardDeviationAxisY,TimeBodyAccelerometerStandardDeviationAxisZ,TimeGravityAccelerometerMeanAxisX,TimeGravityAccelerometerMeanAxisY,TimeGravityAccelerometerMeanAxisZ,TimeGravityAccelerometerStandardDeviationAxisX,TimeGravityAccelerometerStandardDeviationAxisY,TimeGravityAccelerometerStandardDeviationAxisZ,TimeBodyAccelerometerJerkMeanAxisX,TimeBodyAccelerometerJerkMeanAxisY,TimeBodyAccelerometerJerkMeanAxisZ,TimeBodyAccelerometerJerkStandardDeviationAxisX,TimeBodyAccelerometerJerkStandardDeviationAxisY,TimeBodyAccelerometerJerkStandardDeviationAxisZ,TimeBodyGyroscopeMeanAxisX,TimeBodyGyroscopeMeanAxisY,TimeBodyGyroscopeMeanAxisZ,TimeBodyGyroscopeStandardDeviationAxisX,TimeBodyGyroscopeStandardDeviationAxisY,TimeBodyGyroscopeStandardDeviationAxisZ,TimeBodyGyroscopeJerkMeanAxisX,TimeBodyGyroscopeJerkMeanAxisY,TimeBodyGyroscopeJerkMeanAxisZ,TimeBodyGyroscopeJerkStandardDeviationAxisX,TimeBodyGyroscopeJerkStandardDeviationAxisY,TimeBodyGyroscopeJerkStandardDeviationAxisZ,TimeBodyAccelerometerMagnitudeMean,TimeBodyAccelerometerMagnitudeStandardDeviation,TimeGravityAccelerometerMagnitudeMean,TimeGravityAccelerometerMagnitudeStandardDeviation,TimeBodyAccelerometerJerkMagnitudeMean,TimeBodyAccelerometerJerkMagnitudeStandardDeviation,TimeBodyGyroscopeMagnitudeMean,TimeBodyGyroscopeMagnitudeStandardDeviation,TimeBodyGyroscopeJerkMagnitudeMean,TimeBodyGyroscopeJerkMagnitudeStandardDeviation,FrequencyBodyAccelerometerMeanAxisX,FrequencyBodyAccelerometerMeanAxisY,FrequencyBodyAccelerometerMeanAxisZ,FrequencyBodyAccelerometerStandardDeviationAxisX,FrequencyBodyAccelerometerStandardDeviationAxisY,FrequencyBodyAccelerometerStandardDeviationAxisZ,FrequencyBodyAccelerometerJerkMeanAxisX,FrequencyBodyAccelerometerJerkMeanAxisY,FrequencyBodyAccelerometerJerkMeanAxisZ,FrequencyBodyAccelerometerJerkStandardDeviationAxisX,FrequencyBodyAccelerometerJerkStandardDeviationAxisY,FrequencyBodyAccelerometerJerkStandardDeviationAxisZ,FrequencyBodyGyroscopeMeanAxisX,FrequencyBodyGyroscopeMeanAxisY,FrequencyBodyGyroscopeMeanAxisZ,FrequencyBodyGyroscopeStandardDeviationAxisX,FrequencyBodyGyroscopeStandardDeviationAxisY,FrequencyBodyGyroscopeStandardDeviationAxisZ,FrequencyBodyAccelerometerMagnitudeMean,FrequencyBodyAccelerometerMagnitudeStandardDeviation,FrequencyBodyAccelerometerJerkMagnitudeMean,FrequencyBodyAccelerometerJerkMagnitudeStandardDeviation,FrequencyBodyGyroscopeMagnitudeMean,FrequencyBodyGyroscopeMagnitudeStandardDeviation,FrequencyBodyGyroscopeJerkMagnitudeMean,FrequencyBodyGyroscopeJerkMagnitudeStandardDeviation
1,WALKING,0.2773307587,-0.0173838185,-0.1111481035,-0.2837402588,0.1144613367,-0.2600279022,0.9352232015,-0.2821650213,-0.0681028640,-0.9766096425,-0.9713059615,-0.9477172261,0.0740416333,0.0282721096,-0.0041684062,-0.1136156024,0.0670025008,-0.5026997885,-0.0418309635,-0.0695300462,0.0849448173,-0.4735354859,-0.0546077687,-0.3442666295,-0.0899975424,-0.0398428709,-0.0461309295,-0.2074218548,-0.3044685106,-0.4042554526,-0.1369711766,-0.2196886456,-0.1369711766,-0.2196886456,-0.1414288090,-0.0744717501,-0.1609795525,-0.1869783645,-0.2987036791,-0.3253248789,-0.2027943063,0.0897127264,-0.3315601178,-0.3191347196,0.0560400068,-0.2796867515,-0.1705469645,-0.0352255241,-0.4689992246,-0.1335866063,0.1067398571,-0.5347134404,-0.3390321971,-0.1030594164,-0.2559409403,-0.5166919387,-0.0335081598,-0.4365622275,-0.1286234506,-0.3980325868,-0.0571194000,-0.1034924030,-0.1992525690,-0.3210179539,-0.3193085938,-0.3816019118
1,WALKING_UPSTAIRS,0.2554616896,-0.0239531493,-0.0973020021,-0.3547080251,-0.0023202650,-0.0194792388,0.8933510975,-0.3621533643,-0.0754029398,-0.9563670279,-0.9528492332,-0.9123794104,0.1013727299,0.0194863076,-0.0455625449,-0.4468438877,-0.3782744260,-0.7065935309,0.0505493798,-0.1661700151,0.0583595464,-0.5448711045,0.0041051838,-0.5071686749,-0.1222327680,-0.0421485885,-0.0407125528,-0.6147865085,-0.6016966562,-0.6063320023,-0.1299276307,-0.3249709292,-0.1299276307,-0.3249709292,-0.4665034462,-0.4789916221,-0.1267355900,-0.1486193181,-0.5948828651,-0.6485530443,-0.4043217842,-0.1909767208,-0.4333497021,-0.3374281887,0.0217695107,0.0859565544,-0.4798752457,-0.4134445875,-0.6854743540,-0.4619070258,-0.3817770653,-0.7260402008,-0.4926116679,-0.3194746091,-0.4535972130,-0.5658924908,0.1515389056,-0.5717078400,-0.3523959447,-0.4162601015,-0.4426521625,-0.5330598538,-0.3259614574,-0.1829855183,-0.6346650821,-0.6939305215
1,WALKING_DOWNSTAIRS,0.2891883204,-0.0099185046,-0.1075661909,0.0300353383,-0.0319359434,-0.2304342132,0.9318744190,-0.2666103390,-0.0621199586,-0.9505598116,-0.9370186590,-0.8959396951,0.0541553165,0.0296504490,-0.0109719730,-0.0122838605,-0.1016013906,-0.3457350323,-0.0350781903,-0.0909371290,0.0900850142,-0.4580305429,-0.1263491949,-0.1247024542,-0.0739592036,-0.0439902783,-0.0270461061,-0.4870273422,-0.2388248275,-0.2687614802,0.0271882914,0.0198843506,0.0271882914,0.0198843506,-0.0894474808,-0.0257877197,-0.0757412544,-0.2257243681,-0.2954638433,-0.3065106455,0.0382291832,0.0015499078,-0.2255744717,0.0243308391,-0.1129637400,-0.2979278947,-0.0276638676,-0.1286671576,-0.2883347357,-0.0863278966,-0.1345800089,-0.4017214643,-0.3524496314,-0.0557022525,-0.0318694272,-0.4954224861,-0.1814147287,-0.2384435653,0.0965845343,-0.1865303011,0.0262184949,-0.1040522607,-0.1857202857,-0.3983503901,-0.2819633592,-0.3919198766
1,SITTING,0.2612375654,-0.0013082877,-0.1045441823,-0.9772290083,-0.9226186419,-0.9395862911,0.8315099334,0.2044115927,0.3320437028,-0.9684571457,-0.9355170560,-0.9490409332,0.0774825200,-0.0006191028,-0.0033677924,-0.9864307113,-0.9813719653,-0.9879108045,-0.0453500565,-0.0919241549,0.0629313812,-0.9772112832,-0.9664738953,-0.9414259209,-0.0936793807,-0.0402118124,-0.0467026270,-0.9917315921,-0.9895180685,-0.9879358064,-0.9485367862,-0.9270784187,-0.9485367862,-0.9270784187,-0.9873641955,-0.9841200240,-0.9308924900,-0.9345318404,-0.9919763413,-0.9883087285,-0.9796412387,-0.9440845504,-0.9591848891,-0.9764123132,-0.9172750064,-0.9344695581,-0.9865970226,-0.9815794670,-0.9860530923,-0.9874929945,-0.9825139096,-0.9883391849,-0.9761614640,-0.9758385853,-0.9513155445,-0.9779042270,-0.9623450426,-0.9439178411,-0.9477829226,-0.9284448017,-0.9852621268,-0.9816061774,-0.9584355894,-0.9321983749,-0.9897975472,-0.9870496172
1,STANDING,0.2789176291,-0.0161375901,-0.1106018177,-0.9957599015,-0.9731900564,-0.9797758770,0.9429520004,-0.2729838323,0.0134905823,-0.9937629851,-0.9812259579,-0.9763240636,0.0753766542,0.0079757309,-0.0036852495,-0.9946045423,-0.9856487325,-0.9922511774,-0.0239877348,-0.0593972210,0.0748007510,-0.9871919466,-0.9877344400,-0.9806456270,-0.0996092129,-0.0440627878,-0.0489505467,-0.9929451070,-0.9951379174,-0.9921084672,-0.9842782074,-0.9819429289,-0.9842782074,-0.9819429289,-0.9923677906,-0.9930962094,-0.9764937928,-0.9786900287,-0.9949667906,-0.9947332387,-0.9952499326,-0.9770708477,-0.9852970987,-0.9960283451,-0.9722931021,-0.9779372596,-0.9946307974,-0.9854187045,-0.9907521660,-0.9950737592,-0.9870182268,-0.9923498181,-0.9863867860,-0.9889844558,-0.9807731228,-0.9874971287,-0.9871077277,-0.9823453300,-0.9853563611,-0.9823138047,-0.9925424775,-0.9925360034,-0.9846176234,-0.9784660721,-0.9948153770,-0.9946711232
1,LAYING,0.2215982439,-0.0405139534,-0.1132035536,-0.9280564692,-0.8368274056,-0.8260614016,-0.2488817983,0.7055497735,0.4458177198,-0.8968300184,-0.9077200068,-0.8523662902,0.0810865342,0.0038382040,0.0108342364,-0.9584821120,-0.9241492736,-0.9548551108,-0.0165530940,-0.0644861241,0.1486894363,-0.8735438678,-0.9510904402,-0.9082846626,-0.1072709492,-0.0415172869,-0.0740501211,-0.9186085208,-0.9679072436,-0.9577901596,-0.8419291525,-0.7951448639,-0.8419291525,-0.7951448639,-0.9543962646,-0.9282456284,-0.8747595480,-0.8190101698,-0.9634610300,-0.9358409828,-0.9390990524,-0.8670652052,-0.8826668762,-0.9244374346,-0.8336255561,-0.8128915594,-0.9570738838,-0.9224626098,-0.9480609042,-0.9641607086,-0.9322178704,-0.9605869872,-0.8502491746,-0.9521914948,-0.9093027210,-0.8822964508,-0.9512320494,-0.9165825082,-0.8617676481,-0.7983009404,-0.9333003608,-0.9218039756,-0.8621901854,-0.8243194397,-0.9423669466,-0.9326606676
2,WALKING,0.2764265864,-0.0185949199,-0.1055003580,-0.4236428385,-0.0780912533,-0.4252575249,0.9130173334,-0.3466070900,0.0847270871,-0.9726932014,-0.9721168797,-0.9720728476,0.0618080696,0.0182492679,0.0078953371,-0.2775304626,-0.0166022363,-0.5860904190,-0.0530258157,-0.0482382317,0.0828336633,-0.5615502558,-0.5384536678,-0.4810855351,-0.0818833429,-0.0538299449,-0.0514939157,-0.3895498315,-0.6341404361,-0.4354926773,-0.2904075937,-0.4225441693,-0.2904075937,-0.4225441693,-0.2814241539,-0.1641509851,-0.4465490929,-0.5530199163,-0.5479119503,-0.5577981514,-0.3460481610,-0.0219048103,-0.4538063698,-0.4576513837,-0.1692196862,-0.4552221464,-0.3046153229,-0.0787640837,-0.5549567097,-0.3143130634,-0.0153329520,-0.6158981885,-0.4297135361,-0.5547721122,-0.3966599075,-0.6040530192,-0.5330469525,-0.5598566351,-0.3242894279,-0.5771052117,-0.1690643528,-0.1640919694,-0.5307048147,-0.6517928397,-0.5832492934,-0.5581045547
2,WALKING_UPSTAIRS,0.2471647904,-0.0214121132,-0.1525138995,-0.3043764065,0.1080272799,-0.1121210212,0.7907174185,-0.4162148904,-0.1958882389,-0.9344077398,-0.9237674538,-0.8780040569,0.0744507840,-0.0097098551,0.0194814393,-0.2761218865,-0.1856489542,-0.5737463525,-0.0576912635,-0.0320883097,0.0688374022,-0.4392530590,-0.4662983367,-0.1639957917,-0.0828858001,-0.0424053708,-0.0445157482,-0.4648543631,-0.6454913377,-0.4675959610,-0.1073226795,-0.2059770453,-0.1073226795,-0.2059770453,-0.3212689110,-0.2173893946,-0.2197134730,-0.3775321676,-0.5728164385,-0.5972917192,-0.2667209333,0.0099244588,-0.2810019862,-0.3205824144,0.0848802791,-0.0945449764,-0.2586394397,-0.1878421317,-0.5227280633,-0.3654154415,-0.2435541467,-0.6250909815,-0.3316435775,-0.4880861240,-0.2486011220,-0.4763588456,-0.4597584890,-0.2180724715,-0.1453185392,-0.3667282437,-0.1895111369,-0.2604238390,-0.4506121848,-0.4386204019,-0.6007984963,-0.6218202029
2,WALKING_DOWNSTAIRS,0.2776153481,-0.0226614158,-0.1168129424,0.0463666814,0.2628817890,-0.1028379081,0.8618313455,-0.3257801006,-0.0438890163,-0.9403617596,-0.9400685255,-0.9314383132,0.1100406156,-0.0032795908,-0.0209351678,0.1472491432,0.1268280146,-0.3401220232,-0.1159473529,-0.0048232923,0.0971738089,-0.3207892300,-0.4157391449,-0.2794183880,-0.0581038499,-0.0421470258,-0.0710229817,-0.2439405926,-0.4693967011,-0.2182663186,0.0899511205,0.2155863349,0.0899511205,0.2155863349,0.0056551634,0.2296171851,-0.1621885869,-0.2748441105,-0.4108726715,-0.3431878754,0.1128411603,0.2783450418,-0.1312907720,0.0161046199,0.1719739730,-0.1620328943,0.1381206811,0.0962091608,-0.2714987211,0.0499590625,0.0808333491,-0.4082274232,-0.1457759704,-0.3619138240,-0.0874944736,-0.3794366744,-0.4587327474,-0.4229876651,0.2934248266,-0.0214787882,0.2222474096,0.2274807325,-0.3208385436,-0.3725767554,-0.3801753065,-0.3436989854
2,SITTING,0.2770873517,-0.0156879937,-0.1092182725,-0.9868222796,-0.9507044991,-0.9598281717,0.9404772730,-0.1056300245,0.1987267688,-0.9799887609,-0.9567502730,-0.9544158730,0.0722564387,0.0116954511,0.0076054693,-0.9880558541,-0.9779839554,-0.9875182117,-0.0454706620,-0.0599286797,0.0412277462,-0.9857420278,-0.9789195270,-0.9598037087,-0.0936328413,-0.0415602029,-0.0435850966,-0.9897090230,-0.9908896148,-0.9855423257,-0.9678936239,-0.9530814441,-0.9678936239,-0.9530814441,-0.9867747130,-0.9844758680,-0.9460350872,-0.9613136241,-0.9910814939,-0.9895949196,-0.9858038407,-0.9573434985,-0.9701621726,-0.9873620900,-0.9500737541,-0.9568628641,-0.9878487937,-0.9771397028,-0.9851290502,-0.9894591074,-0.9808042285,-0.9885708041,-0.9826213896,-0.9821009237,-0.9598148224,-0.9868085015,-0.9773561887,-0.9635226598,-0.9612737483,-0.9555756022,-0.9838746989,-0.9841241859,-0.9718405961,-0.9613857452,-0.9898619509,-0.9896329089
2,STANDING,0.2779114722,-0.0184208270,-0.1059085361,-0.9872718893,-0.9573049893,-0.9497418513,0.8969285669,-0.3700626969,0.1297471612,-0.9866858187,-0.9741944204,-0.9459270787,0.0747588598,0.0103291775,-0.0083715885,-0.9810857156,-0.9710594396,-0.9828414465,-0.0238623876,-0.0820396578,0.0878351695,-0.9729986298,-0.9714419965,-0.9648567019,-0.1055621579,-0.0422419535,-0.0546539479,-0.9793240007,-0.9834472585,-0.9736101183,-0.9658751813,-0.9578749650,-0.9658751813,-0.9578749650,-0.9804890774,-0.9766752802,-0.9634663419,-0.9539433804,-0.9839519043,-0.9772044278,-0.9839467398,-0.9598716974,-0.9624711957,-0.9890564698,-0.9579088422,-0.9464335835,-0.9809732417,-0.9708513380,-0.9797751520,-0.9830079237,-0.9735202411,-0.9845999052,-0.9670371120,-0.9725761530,-0.9606276961,-0.9749881246,-0.9710360504,-0.9697542957,-0.9640521665,-0.9605193815,-0.9770652956,-0.9751604600,-0.9617759048,-0.9567887257,-0.9778498274,-0.9777542981
2,LAYING,0.2813734040,-0.0181587398,-0.1072456104,-0.9740594648,-0.9802773988,-0.9842332969,-0.5097542381,0.7525366394,0.6468348796,-0.9590144415,-0.9882118652,-0.9842304181,0.0825972512,0.0122547885,-0.0018026490,-0.9858721687,-0.9831725412,-0.9884420144,-0.0184766067,-0.1118008246,0.1448828461,-0.9882752329,-0.9822916090,-0.9603065604,-0.1019741342,-0.0358590176,-0.0701783021,-0.9932358492,-0.9895675379,-0.9880358213,-0.9774354852,-0.9728739129,-0.9774354852,-0.9728739129,-0.9877416960,-0.9855180762,-0.9500115696,-0.9611640540,-0.9917670742,-0.9897180952,-0.9767250598,-0.9798008779,-0.9843809819,-0.9732464821,-0.9810251056,-0.9847921850,-0.9858136308,-0.9827682504,-0.9861971346,-0.9872502558,-0.9849873929,-0.9893453685,-0.9864311425,-0.9833216354,-0.9626718875,-0.9888606858,-0.9819106165,-0.9631742223,-0.9751101965,-0.9751213879,-0.9853741148,-0.9845684892,-0.9721129727,-0.9610983788,-0.9902487023,-0.9894926604
3,WALKING,0.2755674621,-0.0171767844,-0.1126748598,-0.3603567260,-0.0699140652,-0.3874119943,0.9365067433,-0.2619863579,-0.1381078663,-0.9777715914,-0.9623556395,-0.9520917950,0.0814745883,0.0100591485,-0.0056226459,-0.2686796439,-0.0449619594,-0.5294861164,-0.0256405193,-0.0779150937,0.0813485943,-0.5718695602,-0.5637932602,-0.4766964116,-0.0952398165,-0.0387874652,-0.0503616101,-0.3859229860,-0.6390879841,-0.5366640803,-0.2546903333,-0.3284289366,-0.2546903333,-0.3284289366,-0.2800093174,-0.1399163553,-0.4664117541,-0.5615106833,-0.5661352179,-0.5673715609,-0.3166140117,-0.0813024353,-0.4123740745,-0.3792767812,-0.1240308320,-0.4229984740,-0.3046944426,-0.1405085902,-0.5141372553,-0.2965966331,-0.0056149876,-0.5435291081,-0.4378457638,-0.5615262653,-0.4181262174,-0.6151213698,-0.5688886734,-0.5458963881,-0.2900315352,-0.4563730809,-0.1867645170,-0.0898519904,-0.5697557722,-0.6326432929,-0.6077516460,-0.5490870079
3,WALKING_UPSTAIRS,0.2608198731,-0.0324109411,-0.1100648634,-0.3131234376,0.0116280813,-0.3697546041,0.8835334361,-0.3828511537,-0.1629439553,-0.9440408193,-0.9098259539,-0.9094696751,0.0426880986,0.0397249270,0.0208205538,-0.4583646169,-0.2516803645,-0.7085517119,0.0721980309,-0.1392754056,0.0215603697,-0.4560392625,-0.5827428459,-0.4923273051,-0.1155105695,-0.0400372510,-0.0498180874,-0.5072707580,-0.7757741434,-0.5734339476,-0.1840148950,-0.3335974325,-0.1840148950,-0.3335974325,-0.4369011595,-0.4390205917,-0.3473218122,-0.4088866532,-0.6588614014,-0.7180280403,-0.3920042115,-0.0788094157,-0.5044945285,-0.2853330241,-0.0080398753,-0.3507972263,-0.4784343063,-0.2837725475,-0.6773145341,-0.4864465097,-0.2681915236,-0.7387058639,-0.3782166818,-0.6372935083,-0.4315033615,-0.4848209914,-0.5560459471,-0.5610976497,-0.3158660795,-0.4479943692,-0.4129208985,-0.4806092022,-0.5142115837,-0.4451818024,-0.7168777786,-0.7400334363
3,WALKING_DOWNSTAIRS,0.2924234847,-0.0193554079,-0.1161398429,-0.0574100475,-0.0331503723,-0.3622402455,0.9390577878,-0.2288292143,-0.1023527580,-0.9500611296,-0.9460946378,-0.8999439478,0.0725689294,0.0109707769,-0.0020272798,-0.0858010042,-0.1114391950,-0.5717352431,-0.1315732765,-0.0139358044,0.1238267384,-0.2616534140,-0.5467403880,-0.4423077676,-0.0778701650,-0.0391567931,-0.0416193131,-0.2856831623,-0.6809473382,-0.3746054123,-0.0628126118,-0.0411340078,-0.0628126118,-0.0411340078,-0.2052392467,-0.0926324495,-0.2152945012,-0.2457946993,-0.5085675771,-0.5839192110,-0.0421706943,-0.0077004830,-0.4044524143,-0.0654417193,-0.1097223543,-0.3897230341,-0.0906707125,-0.1359385426,-0.5290594506,-0.1654428987,-0.1477282401,-0.6135250743,-0.1290665743,-0.5426941641,-0.3028664612,-0.3086303311,-0.5530945402,-0.5481643133,0.0289413196,-0.2338494221,-0.0494779773,-0.1591022880,-0.3323766294,-0.3224408270,-0.5762771994,-0.6249108206
3,SITTING,0.2571975991,-0.0035029984,-0.0983579203,-0.9710101210,-0.8566178121,-0.8751101754,0.9010989846,0.1273033792,0.1390205825,-0.9573244579,-0.9039230083,-0.8977363183,0.0726098419,0.0027252913,-0.0042334837,-0.9744673904,-0.9536313910,-0.9746615660,-0.0385365205,-0.0752410027,0.0940113976,-0.9654347685,-0.9448545713,-0.9264137104,-0.1036058891,-0.0360909882,-0.0590079967,-0.9725469060,-0.9786359087,-0.9737516706,-0.8953833502,-0.8703017000,-0.8953833502,-0.8703017000,-0.9690807529,-0.9665500842,-0.9193543723,-0.9255181038,-0.9779980519,-0.9767726760,-0.9701544410,-0.8919077513,-0.9179879254,-0.9716058785,-0.8496556575,-0.8643224640,-0.9749503635,-0.9541701513,-0.9708456694,-0.9762835348,-0.9564617567,-0.9771595725,-0.9575506377,-0.9561735500,-0.9349679588,-0.9680130629,-0.9396099885,-0.9306331508,-0.9041857256,-0.8746265921,-0.9658888917,-0.9665688529,-0.9466649437,-0.9254496290,-0.9778981056,-0.9766898027
3,STANDING,0.2800465133,-0.0143376555,-0.1016217226,-0.9667425430,-0.8934493072,-0.9114190151,0.9350307785,-0.3017351303,0.0247631068,-0.9820204280,-0.9574253218,-0.9281615774,0.0750900622,0.0077166364,-0.0080717793,-0.9570864893,-0.9416867857,-0.9730596349,-0.0246626071,-0.0585101918,0.0665262054,-0.9004622275,-0.9277886182,-0.9123640815,-0.0994602621,-0.0472415819,-0.0416832157,-0.9409376425,-0.9684337479,-0.9582930118,-0.9254308190,-0.9151433036,-0.9254308190,-0.9151433036,-0.9593038403,-0.9487700433,-0.8920893493,-0.8821252215,-0.9623393397,-0.9576797669,-0.9601234095,-0.9080753538,-0.9395077352,-0.9699312874,-0.8924343485,-0.9048012546,-0.9576668567,-0.9434979736,-0.9691749034,-0.9605709218,-0.9439485472,-0.9755959495,-0.9012822675,-0.9377111572,-0.9161725377,-0.9019856725,-0.9231259411,-0.9197438461,-0.9269689323,-0.9218360766,-0.9486274677,-0.9482068144,-0.9136823626,-0.8834397180,-0.9603317179,-0.9571215105
3,LAYING,0.2755168527,-0.0189556785,-0.1013004775,-0.9827766392,-0.9620575445,-0.9636910348,-0.2417584781,0.8370320997,0.4887031852,-0.9825121931,-0.9812027497,-0.9648075439,0.0769811126,0.0138041011,-0.0043562587,-0.9808793148,-0.9687107247,-0.9820931629,-0.0208170540,-0.0718507159,0.1379995611,-0.9745457521,-0.9772726537,-0.9635056090,-0.1000444988,-0.0389771765,-0.0687338700,-0.9803286450,-0.9867627419,-0.9833382795,-0.9727913461,-0.9642181765,-0.9727913461,-0.9642181765,-0.9794845934,-0.9761212979,-0.9515647515,-0.9542751110,-0.9867136252,-0.9831392556,-0.9806656090,-0.9611699829,-0.9683321416,-0.9836911290,-0.9640946042,-0.9632790802,-0.9805132023,-0.9687521137,-0.9791223444,-0.9831226160,-0.9710440127,-0.9837119047,-0.9701672629,-0.9780996823,-0.9623419608,-0.9759864337,-0.9770324955,-0.9672568542,-0.9655242752,-0.9683502174,-0.9759495979,-0.9753053779,-0.9645867248,-0.9554418558,-0.9842782513,-0.9825681581
4,WALKING,0.2785820152,-0.0148399475,-0.1114030648,-0.4408299713,-0.0788267368,-0.5862528068,0.9639996968,-0.0858540266,0.1277641127,-0.9838264948,-0.9679632210,-0.9629681120,0.0783529082,0.0029560243,-0.0007676793,-0.2970426125,-0.2211651316,-0.7513913825,-0.0317982558,-0.0726905279,0.0805677161,-0.5009166590,-0.6653940928,-0.6626082260,-0.1153215565,-0.0393474489,-0.0551166853,-0.4923410668,-0.8074199370,-0.6404541328,-0.3120505742,-0.5276791032,-0.3120505742,-0.5276791032,-0.3667008798,-0.3169189560,-0.4977922011,-0.5531161112,-0.681…32521 tokens truncated…79,-0.1154212106,-0.0386367423,-0.1647832065,-0.3079520898,-0.4405465861,-0.4658075335,0.0829831545,-0.0626729573,-0.2416003611,0.1949127166,-0.1756470647,-0.3030907019,-0.0437826263,-0.1709752706,-0.3436263963,-0.0522811342,-0.1632439784,-0.4747554920,-0.2966286115,-0.4021328106,-0.1449049041,-0.3909684364,-0.5430332466,-0.3678160466,0.1498164592,-0.0712120044,0.0108575640,-0.1136259450,-0.3591137248,-0.3979841956,-0.4677777688,-0.5028313735
27,SITTING,0.2739413026,-0.0155269799,-0.1055219126,-0.9885801077,-0.9715791257,-0.9658587351,0.8394647140,0.2129470214,0.2764174310,-0.9824457380,-0.9825533366,-0.9672680660,0.0779038964,0.0046707242,-0.0061128543,-0.9906580979,-0.9850974707,-0.9889040016,-0.0371830822,-0.0797345645,0.0833752812,-0.9884924251,-0.9820674651,-0.9757133101,-0.0951635808,-0.0396410809,-0.0503883556,-0.9936403183,-0.9922264421,-0.9917667876,-0.9794816689,-0.9695266747,-0.9794816689,-0.9695266747,-0.9894671783,-0.9892005396,-0.9635654740,-0.9707821327,-0.9940347107,-0.9921128296,-0.9886821084,-0.9740578556,-0.9746658170,-0.9886591964,-0.9712660627,-0.9632206726,-0.9908396074,-0.9852385837,-0.9870877211,-0.9912922707,-0.9860831140,-0.9892825169,-0.9872079047,-0.9841411191,-0.9768481343,-0.9889846184,-0.9810376903,-0.9775955191,-0.9747664667,-0.9708852969,-0.9887732694,-0.9885316511,-0.9794828209,-0.9705282663,-0.9923902643,-0.9919677763
27,STANDING,0.2795669216,-0.0165932364,-0.1078358180,-0.9919515835,-0.9551714190,-0.9624084449,0.9653514920,-0.1885048474,-0.0055741688,-0.9940121629,-0.9796410523,-0.9681699536,0.0749699808,0.0122433312,-0.0013795030,-0.9876283620,-0.9758297250,-0.9873547880,-0.0267316539,-0.0675071201,0.0716841463,-0.9699020075,-0.9824989911,-0.9812818070,-0.0987605079,-0.0417471753,-0.0514039190,-0.9826424495,-0.9907980079,-0.9889703575,-0.9727532874,-0.9663601145,-0.9727532874,-0.9663601145,-0.9853476201,-0.9841590897,-0.9687029566,-0.9656933340,-0.9895321039,-0.9888197840,-0.9901218122,-0.9613561411,-0.9741462453,-0.9928758252,-0.9543816064,-0.9589247941,-0.9877717494,-0.9758686800,-0.9851113755,-0.9886068100,-0.9776055820,-0.9882082623,-0.9701496289,-0.9837318730,-0.9808624931,-0.9702218364,-0.9818577573,-0.9831050489,-0.9731861824,-0.9675291051,-0.9841516460,-0.9830222776,-0.9755255656,-0.9654001703,-0.9894184827,-0.9885790920
27,LAYING,0.2741024924,-0.0179867611,-0.1076997328,-0.9784551531,-0.9837360438,-0.9866369961,-0.5304346049,0.5678794941,0.8453923803,-0.9711838627,-0.9937017430,-0.9890563114,0.0766268551,0.0126491089,-0.0006855493,-0.9864718993,-0.9851594618,-0.9896851466,-0.0195427329,-0.0957839567,0.1187383608,-0.9888372122,-0.9842874753,-0.9783749997,-0.1011476953,-0.0362186161,-0.0642797850,-0.9935037208,-0.9930258773,-0.9932967205,-0.9820916522,-0.9789201762,-0.9820916522,-0.9789201762,-0.9883727736,-0.9885867714,-0.9669175945,-0.9719157328,-0.9943550438,-0.9934843132,-0.9806318469,-0.9829159519,-0.9873565899,-0.9776157026,-0.9842690880,-0.9865823880,-0.9866795726,-0.9852572773,-0.9880331291,-0.9874774654,-0.9861160088,-0.9899011699,-0.9870285391,-0.9867958373,-0.9792020192,-0.9893823289,-0.9830523185,-0.9800964381,-0.9813890177,-0.9802963391,-0.9880989026,-0.9881748596,-0.9798906680,-0.9718062368,-0.9935637786,-0.9935522993
28,WALKING,0.2812282239,-0.0156759723,-0.1037147054,-0.2930035222,-0.1178861864,-0.3009283959,0.9429302756,-0.2293161515,-0.1259128612,-0.9766939026,-0.9687808598,-0.9442250319,0.0931122232,0.0226486603,-0.0076291520,-0.3357001843,-0.2201231209,-0.5374704717,-0.1058962079,-0.0172822168,0.1160659109,-0.5037986241,-0.4976840067,-0.2426013846,-0.0929746713,-0.0515394450,-0.0593552480,-0.3994170828,-0.6390185544,-0.4409278993,-0.1806660203,-0.3926940200,-0.1806660203,-0.3926940200,-0.2992233594,-0.3904497243,-0.3107759458,-0.4605116613,-0.5462487585,-0.5798611943,-0.2800621830,-0.1279122760,-0.3563376385,-0.2988324231,-0.1687890195,-0.3260461959,-0.3626019804,-0.2945483448,-0.4987544911,-0.3671164165,-0.1917575036,-0.5745797485,-0.3746810717,-0.5046817396,-0.2550290450,-0.5454802178,-0.4974707394,-0.3082433904,-0.3521568417,-0.5115736706,-0.3608114563,-0.4362730098,-0.5146024248,-0.5168115741,-0.5959651037,-0.5890717306
28,WALKING_UPSTAIRS,0.2620058418,-0.0279443943,-0.1215140257,-0.2420624303,-0.1467538770,-0.2859869137,0.8545082318,-0.3332239967,-0.2652078584,-0.9446978002,-0.9276410878,-0.9005140133,0.0706831871,0.0222985408,0.0074908166,-0.3126716559,-0.3316024074,-0.6374889412,-0.1293629708,0.0212250958,0.1037209877,-0.5188182278,-0.4793195214,-0.1893068128,-0.0805680555,-0.0492552129,-0.0752610437,-0.4942829135,-0.6905711020,-0.6035682641,-0.1862405040,-0.2119286665,-0.1862405040,-0.2119286665,-0.3880862482,-0.3253623382,-0.2634152827,-0.4769233447,-0.6202797976,-0.6701321208,-0.2661013434,-0.1905890691,-0.4017329392,-0.2337266439,-0.1785549811,-0.2816851596,-0.3188667300,-0.3580093733,-0.5878135653,-0.3702736800,-0.3490265676,-0.6879076337,-0.4036362839,-0.5220665008,-0.3182109995,-0.5563834106,-0.4599893157,-0.2262433751,-0.2135193648,-0.3346261688,-0.2944334157,-0.3744959076,-0.5348354096,-0.5281870169,-0.6625058194,-0.7048527575
28,WALKING_DOWNSTAIRS,0.2936420765,-0.0220230466,-0.1085889741,0.1257128879,0.1564966465,-0.3410318115,0.9292916804,-0.2358971052,-0.1214772558,-0.9569215424,-0.9484042122,-0.9170597500,0.0972653458,0.0143450903,0.0012395014,-0.0167652228,0.0265530134,-0.4270532613,-0.1410963095,0.0071056429,0.1386224256,-0.2681063310,-0.2593686868,-0.3070250063,-0.0266492978,-0.0570410865,-0.0776173931,-0.1639448973,-0.4245678785,-0.3362127341,0.1043592166,0.1354655639,0.1043592166,0.1354655639,-0.0707560279,-0.0418872610,-0.0682463240,-0.2244841447,-0.3404173056,-0.4071323354,0.0890721752,0.1864417339,-0.3081616342,0.1377970828,0.0653011998,-0.4169402830,-0.0268676982,-0.0127039720,-0.3652874347,-0.0980112294,-0.0017539195,-0.4884883517,-0.0299969963,-0.2171001576,-0.1843923371,-0.3454533461,-0.2931083646,-0.4165058863,0.1888400077,-0.0740585977,-0.0128823827,-0.0883598524,-0.2233547939,-0.3629038367,-0.3967207143,-0.4647222443
28,SITTING,0.2769776294,-0.0185404441,-0.1115179396,-0.9832728068,-0.9399052449,-0.9366672457,0.9073313092,-0.1125967284,0.1354025668,-0.9891324996,-0.9717663524,-0.9560876796,0.0768671622,0.0148338233,0.0002578540,-0.9762866794,-0.9622194528,-0.9763274267,-0.0339018030,-0.0673943851,0.0870254014,-0.9796719835,-0.9563165060,-0.9566328025,-0.0953935056,-0.0408007786,-0.0579015362,-0.9821556626,-0.9807138686,-0.9710016914,-0.9557897086,-0.9477827033,-0.9557897086,-0.9477827033,-0.9732743668,-0.9703016461,-0.9551755671,-0.9510659840,-0.9812131593,-0.9784419183,-0.9798201426,-0.9463516504,-0.9522267867,-0.9849567086,-0.9398854783,-0.9330454775,-0.9768918046,-0.9630542471,-0.9729395519,-0.9777867822,-0.9639904263,-0.9783277694,-0.9737243264,-0.9631176336,-0.9541802790,-0.9816151413,-0.9532070172,-0.9615610361,-0.9539281240,-0.9522814244,-0.9691786867,-0.9708233364,-0.9602975250,-0.9535342926,-0.9794658689,-0.9783953700
28,STANDING,0.2777950691,-0.0172635125,-0.1065793852,-0.9777486386,-0.8756892168,-0.9051238242,0.9485148485,-0.2476561666,-0.0385830502,-0.9900594266,-0.9628014419,-0.9517821815,0.0753131602,0.0090736322,-0.0026781008,-0.9686045596,-0.9337681751,-0.9697653620,-0.0253281544,-0.0739001647,0.0865173111,-0.8840322324,-0.9400063201,-0.9254914429,-0.1022484091,-0.0431364663,-0.0525896252,-0.9283433977,-0.9729770067,-0.9564971637,-0.9254716516,-0.9176583342,-0.9254716516,-0.9176583342,-0.9595519875,-0.9540683915,-0.8942424696,-0.8769175457,-0.9596810191,-0.9562664801,-0.9725198016,-0.8934303927,-0.9345030285,-0.9802674900,-0.8744692656,-0.8976008009,-0.9685137152,-0.9351689784,-0.9647512387,-0.9716727967,-0.9369912803,-0.9735720519,-0.8804261032,-0.9481607853,-0.9266551924,-0.8867067682,-0.9361016091,-0.9320390830,-0.9291464794,-0.9238571582,-0.9527277652,-0.9549631553,-0.9096524363,-0.8784596620,-0.9587585768,-0.9559834246
28,LAYING,0.2759134825,-0.0167537858,-0.1083448530,-0.9688882955,-0.9453867804,-0.9564503429,-0.4903345419,0.1440732745,0.0157570025,-0.9705990894,-0.9697590285,-0.9791246658,0.0780770644,0.0059399233,0.0060097194,-0.9801647165,-0.9786795398,-0.9730716559,-0.0173677057,-0.0974487337,0.0935791231,-0.9551622798,-0.9600574636,-0.9623749117,-0.1045116270,-0.0356010050,-0.0534501915,-0.9608029485,-0.9803997822,-0.9814189160,-0.9581122303,-0.9545740295,-0.9581122303,-0.9545740295,-0.9784553419,-0.9733126479,-0.9371069213,-0.9289409134,-0.9782202706,-0.9697732773,-0.9739308675,-0.9584363690,-0.9611156724,-0.9673248639,-0.9420039777,-0.9567709049,-0.9800134190,-0.9780948274,-0.9702515654,-0.9822059013,-0.9811174670,-0.9745308431,-0.9468042346,-0.9658244555,-0.9611648449,-0.9580921140,-0.9575529881,-0.9663120240,-0.9610355876,-0.9575640187,-0.9734362485,-0.9723361286,-0.9442183694,-0.9316750041,-0.9718305824,-0.9693198213
29,WALKING,0.2719999168,-0.0162915601,-0.1066324273,-0.1743379402,-0.0917540613,-0.2428280383,0.9623743851,-0.1273180787,0.0955792142,-0.9782535389,-0.9752728481,-0.9459814372,0.0853743349,0.0223870454,0.0094154730,-0.2214335428,-0.0871746445,-0.4617580098,-0.0079566817,-0.0819601532,0.0856852236,-0.5988686709,-0.1818026366,-0.4302324411,-0.1068883032,-0.0479898124,-0.0392368987,-0.3959096215,-0.5879442985,-0.5041300887,-0.0955213394,-0.2626950636,-0.0955213394,-0.2626950636,-0.2402316774,-0.1330362736,-0.2805732675,-0.3588140966,-0.5062421181,-0.6122229372,-0.1358195058,-0.0349642325,-0.2797348394,-0.1903559768,-0.1820685396,-0.2833481010,-0.2104698872,-0.0880213408,-0.3948778270,-0.3073366698,-0.1550206608,-0.5290348972,-0.4314900485,-0.3622323162,-0.3972774955,-0.6543135591,-0.0941359695,-0.4941174830,-0.2356833056,-0.3932575055,-0.1089782065,-0.1695064992,-0.4168178534,-0.4291568306,-0.6285011158,-0.6186677226
29,WALKING_UPSTAIRS,0.2654230669,-0.0299465312,-0.1180005878,-0.0867715570,-0.1221282876,0.0995443502,0.9292589539,-0.2271201253,0.0443786012,-0.9541890131,-0.9230077984,-0.8588494671,0.1063451934,-0.0006890192,-0.0290713872,-0.1823658151,-0.3886241955,-0.6787637665,0.0931989463,-0.1523281122,0.0854318123,-0.3239047316,0.0461103045,-0.3748151412,-0.1304290727,-0.0511035120,-0.0680938780,-0.4749326063,-0.7342251924,-0.5584170241,0.0083436027,-0.0414696052,0.0083436027,-0.0414696052,-0.3443248331,-0.2544851760,0.0439627678,-0.0800476154,-0.6173408031,-0.7128463184,-0.1097934800,-0.1960115035,-0.3204878829,-0.0790625306,-0.1412580667,0.2030578369,-0.2250677710,-0.4088866055,-0.6461985878,-0.2113853979,-0.4086489469,-0.7101165918,-0.2605192904,-0.3940453412,-0.3417001324,-0.3503382050,0.2343467837,-0.4441530565,-0.1083064030,-0.1559937559,-0.2391080467,-0.2805835565,-0.3572138970,-0.0743314698,-0.6974545531,-0.7564641861
29,WALKING_DOWNSTAIRS,0.2931404411,-0.0149412151,-0.0981339985,0.1673836025,-0.1224634670,-0.2231779999,0.9484862150,-0.0760962952,0.0919650454,-0.9417361925,-0.9139030637,-0.8693009048,0.0636871965,0.0006210170,-0.0140642983,-0.0239525740,-0.0773408384,-0.4787641850,-0.0374126071,-0.0851045890,0.0822244075,-0.2820772575,-0.3904601377,-0.3111226154,-0.0743986470,-0.0671482305,-0.0359648430,-0.3478075570,-0.6934690358,-0.3797694065,0.1037051657,0.1344811502,0.1037051657,0.1344811502,-0.1386376245,-0.0307693372,-0.1229681088,-0.2674097984,-0.5391744565,-0.5970570487,0.1106632002,-0.0212293717,-0.2666921502,0.1874386243,-0.2393490536,-0.2620732420,-0.0382458213,-0.0977850660,-0.4111734519,-0.0986379156,-0.1203815212,-0.5473208869,-0.1894180015,-0.4631250321,-0.1992258945,-0.3191231379,-0.3548726896,-0.4161658458,0.1159739682,-0.0330868111,0.0004488963,-0.0797714325,-0.3814598819,-0.3230245751,-0.5965786260,-0.6266759821
29,SITTING,0.2771799775,-0.0166306804,-0.1104118192,-0.9907450195,-0.9632224978,-0.9680638782,0.8915637552,0.1556594569,0.2862560637,-0.9846791518,-0.9736042898,-0.9660320453,0.0745438103,0.0059853140,0.0031677010,-0.9935255603,-0.9840551000,-0.9901687330,-0.0379271112,-0.0755797672,0.0580495969,-0.9901787048,-0.9883340197,-0.9712279917,-0.0953636996,-0.0400018435,-0.0470008977,-0.9933220295,-0.9953191647,-0.9928337675,-0.9780170218,-0.9692903165,-0.9780170218,-0.9692903165,-0.9907198077,-0.9905317293,-0.9623773322,-0.9715780247,-0.9953923082,-0.9949053440,-0.9910939637,-0.9696095017,-0.9756230308,-0.9906175210,-0.9616939493,-0.9658009743,-0.9934457602,-0.9838831930,-0.9884702410,-0.9942201755,-0.9854933188,-0.9904458617,-0.9883935690,-0.9903292453,-0.9739335945,-0.9907277552,-0.9872598087,-0.9729125172,-0.9733465318,-0.9712180198,-0.9900937038,-0.9898229093,-0.9802694258,-0.9710113730,-0.9950630490,-0.9947420280
29,STANDING,0.2779650658,-0.0172605869,-0.1086590675,-0.9960686354,-0.9692957211,-0.9802074889,0.9745087320,-0.0584871536,0.0316145850,-0.9967642274,-0.9851340323,-0.9844645435,0.0753052530,0.0115104979,0.0003328950,-0.9936528206,-0.9833381578,-0.9905938597,-0.0276075573,-0.0721060679,0.0827583768,-0.9779948198,-0.9903648763,-0.9833686432,-0.0988701506,-0.0405110578,-0.0544926306,-0.9832930617,-0.9955331131,-0.9906857054,-0.9847453189,-0.9817457129,-0.9847453189,-0.9817457129,-0.9907854195,-0.9904956895,-0.9806573405,-0.9753586654,-0.9921446989,-0.9914536322,-0.9950240397,-0.9733457705,-0.9840960248,-0.9966045703,-0.9682785531,-0.9788029737,-0.9937369060,-0.9831949806,-0.9885415794,-0.9941234235,-0.9847827823,-0.9913163746,-0.9744854495,-0.9915866740,-0.9836547145,-0.9791625649,-0.9896437212,-0.9847142265,-0.9845480948,-0.9822477160,-0.9897938926,-0.9903279346,-0.9808797229,-0.9759387288,-0.9916720520,-0.9915167783
29,LAYING,0.2872951968,-0.0171965484,-0.1094620682,-0.9842195555,-0.9902409467,-0.9872551499,-0.3467898428,0.8075353735,0.5904522241,-0.9729398899,-0.9942476488,-0.9857781783,0.0718861196,0.0116912060,0.0024154278,-0.9920059894,-0.9895135657,-0.9932883133,-0.0258281005,-0.0761814357,0.1274119717,-0.9942765913,-0.9927509578,-0.9749946194,-0.0995339881,-0.0386768295,-0.0674469666,-0.9965425406,-0.9970815757,-0.9953807946,-0.9864931967,-0.9815721477,-0.9864931967,-0.9815721477,-0.9927253678,-0.9946469168,-0.9719236230,-0.9770400930,-0.9973225268,-0.9976660716,-0.9866269993,-0.9890343041,-0.9894739267,-0.9834323091,-0.9906803954,-0.9863787761,-0.9921539820,-0.9893988239,-0.9920184478,-0.9925434783,-0.9904680828,-0.9931077599,-0.9931226088,-0.9936963365,-0.9761843226,-0.9946521852,-0.9922407857,-0.9768589645,-0.9868006454,-0.9815997836,-0.9939982758,-0.9943666677,-0.9840013417,-0.9766790462,-0.9976173893,-0.9975852306
30,WALKING,0.2764067580,-0.0175880386,-0.0986247069,-0.3463942752,-0.1735500217,-0.1204767839,0.9652175511,-0.1576738238,-0.0039255638,-0.9797524669,-0.9701765622,-0.9439584206,0.0688689970,0.0219656545,-0.0073953424,-0.3744009414,-0.2707092744,-0.5213518551,-0.0459505356,-0.0649170927,0.0839568239,-0.3879205938,0.0060027789,-0.1825696524,-0.0873839917,-0.0617028869,-0.0446007230,-0.4603453862,-0.4976218023,-0.4762087962,-0.1951400330,-0.3598734115,-0.1951400330,-0.3598734115,-0.3521117138,-0.3537510209,-0.0229640797,-0.2668457313,-0.4720687298,-0.5469772723,-0.3514029109,-0.1938566639,-0.3095588826,-0.3449281125,-0.2156343154,-0.0931447618,-0.3895956311,-0.2995253439,-0.4670307102,-0.4151353980,-0.2894660953,-0.5754102671,-0.3744403005,-0.1759009240,-0.2473503437,-0.3990323460,0.0955456046,-0.2379414736,-0.3423637729,-0.4698527949,-0.3471801347,-0.3665374166,-0.3583443560,-0.3315417409,-0.5476217532,-0.5785800446
30,WALKING_UPSTAIRS,0.2714156423,-0.0253311699,-0.1246974938,-0.3505044752,-0.1273111576,0.0249468035,0.9318298300,-0.2266472922,-0.0221401101,-0.9540336243,-0.9149339360,-0.8624027912,0.0579840373,-0.0035871923,0.0161506199,-0.5354202034,-0.5872145429,-0.7619420254,-0.0035597458,-0.0779606465,0.0814699303,-0.4938375208,-0.0840481513,-0.2115735799,-0.1084142613,-0.0141113354,-0.0364157841,-0.7427495295,-0.7433369585,-0.6651506192,-0.1376278572,-0.3274108159,-0.1376278572,-0.3274108159,-0.5966000995,-0.5618377065,-0.1136083673,-0.1692935343,-0.7187802568,-0.7744390968,-0.4204028282,-0.2978137686,-0.3675198400,-0.3262603582,-0.1042991803,0.1214474149,-0.5506784200,-0.5929194408,-0.7378038812,-0.5615652066,-0.6108266020,-0.7847538800,-0.4880390031,-0.3660584332,-0.3189370015,-0.5034842370,0.0449545536,-0.2534270750,-0.4005883538,-0.3945080808,-0.5497848906,-0.5808781332,-0.4491507351,-0.1514722784,-0.7739744518,-0.7913494251
30,WALKING_DOWNSTAIRS,0.2831906470,-0.0174383900,-0.0999781422,-0.0577703164,-0.0272628078,-0.2172756903,0.9580004915,-0.1267103719,0.0288081675,-0.9588903887,-0.9186787524,-0.8776670600,0.0883933037,-0.0075611075,-0.0118301423,-0.2266439011,-0.1946560966,-0.4670701534,-0.0745591302,-0.0693112412,0.0895767797,-0.2659231609,-0.2853924164,-0.2953703628,-0.0615954584,-0.0496807640,-0.0543595229,-0.5427645071,-0.6137963031,-0.4988828540,-0.0373901122,-0.0135771209,-0.0373901122,-0.0135771209,-0.2937388016,-0.1252831845,-0.0955373205,-0.2082675420,-0.5743370065,-0.6176620735,-0.1069669571,-0.0216637054,-0.2580673667,-0.0405257092,-0.0934682614,-0.2573933723,-0.2349231466,-0.2249927804,-0.3996886940,-0.2898027294,-0.2174320193,-0.5355150484,-0.2630616281,-0.3480651197,-0.2637207639,-0.2783865963,-0.2557320550,-0.3715414761,0.0041015103,-0.1785351733,-0.1259614004,-0.1331243046,-0.3567723473,-0.2523618826,-0.6175788140,-0.6455039424
30,SITTING,0.2683360814,-0.0080473130,-0.0995154461,-0.9836227442,-0.9378570008,-0.9506540413,0.8254738369,0.1145883926,0.3447660200,-0.9783647123,-0.9593613068,-0.9566356631,0.0760057732,0.0097569252,-0.0027816183,-0.9888645774,-0.9804209284,-0.9881643813,-0.0358426482,-0.0743535584,0.0702002598,-0.9881326695,-0.9764775619,-0.9550532008,-0.0952707675,-0.0407930587,-0.0488204596,-0.9938685455,-0.9924913229,-0.9881244956,-0.9574872215,-0.9429014666,-0.9574872215,-0.9429014666,-0.9877990556,-0.9860576400,-0.9558473239,-0.9606412882,-0.9937373882,-0.9912802250,-0.9850087850,-0.9540760423,-0.9662740906,-0.9832310055,-0.9339925779,-0.9462038234,-0.9887754365,-0.9804057173,-0.9859783153,-0.9900175645,-0.9819021165,-0.9889712119,-0.9870346265,-0.9820058834,-0.9611771095,-0.9884848032,-0.9738049508,-0.9573086852,-0.9599233881,-0.9435437326,-0.9858263310,-0.9852949590,-0.9738762829,-0.9595139373,-0.9917506821,-0.9909464245
30,STANDING,0.2771126992,-0.0170163888,-0.1087562098,-0.9775594269,-0.8916545271,-0.9128505969,0.9685567051,-0.1002968042,0.0243044363,-0.9964209192,-0.9581457634,-0.9492073683,0.0752414472,0.0120860416,0.0019084146,-0.9684307453,-0.9573188814,-0.9688973161,-0.0276138535,-0.0670334380,0.0802514754,-0.9114085180,-0.9407054122,-0.9308346844,-0.0997160228,-0.0437759700,-0.0520307176,-0.9601190742,-0.9681350063,-0.9708456707,-0.9305735749,-0.9165704414,-0.9305735749,-0.9165704414,-0.9712251902,-0.9507622712,-0.9138905649,-0.8872476368,-0.9729952739,-0.9559956719,-0.9720140508,-0.9194751212,-0.9380897749,-0.9804265758,-0.8855727817,-0.9072867931,-0.9678575893,-0.9574348875,-0.9628926280,-0.9722167286,-0.9604423605,-0.9739543383,-0.9157428551,-0.9456288369,-0.9377981246,-0.9117181632,-0.9394697741,-0.9351768849,-0.9320474507,-0.9217332331,-0.9533576159,-0.9466398469,-0.9174494173,-0.8888722280,-0.9592421651,-0.9550085642
30,LAYING,0.2810339006,-0.0194494099,-0.1036581505,-0.9763625154,-0.9542018239,-0.9670442364,-0.3447377553,0.7326612477,0.6814592107,-0.9795639427,-0.9889307149,-0.9832745249,0.0752196666,0.0107680190,-0.0003741897,-0.9774637756,-0.9710497781,-0.9795178961,-0.0267812219,-0.0761476352,0.0938472163,-0.9736628224,-0.9660416730,-0.9688891561,-0.1022773586,-0.0384875868,-0.0595736770,-0.9837758337,-0.9803570621,-0.9807688746,-0.9698299843,-0.9601679073,-0.9698299843,-0.9601679073,-0.9792328200,-0.9696422903,-0.9622849211,-0.9512644410,-0.9850864134,-0.9761771426,-0.9747899993,-0.9599742746,-0.9703219917,-0.9770452606,-0.9535584000,-0.9671881986,-0.9768879016,-0.9716962799,-0.9756324204,-0.9803507481,-0.9724341967,-0.9822815531,-0.9717890527,-0.9681703324,-0.9675773611,-0.9744884007,-0.9651341524,-0.9721992380,-0.9628408204,-0.9640518107,-0.9699492696,-0.9680877780,-0.9620011990,-0.9526444493,-0.9778213356,-0.9754815487
